0	
0	
0	
1	
1	
1	
2	
2	
2	
3	
2	
1	
0	
0	
0	
0	
0	
0	
1	
1	
1	
1	
1	
1	
0	
0	
1	
1	
2	
1	
0	
0	
1	
1	
0	
0	
0	
1	
1	
1	
1	
1	
0	
0	
0	
0	
0	
1	
1	
0	
0	
0	
0	
1	
1	
1	
0	
0	
0	
0	
1	
0	
0	
1	
2	
1	
0	
0	
1	
0	
0	
0	
0	
0	
0	
1	
1	
0	
0	
1	
0	
0	
0	
0	
0	
1	
1	
2	
2	
2	
2	
1	
0	
0	
1	
1	
1	
0	
1	
0	
0	
0	
0	
1	
1	
1	
2	
2	
1	
1	
1	
2	
2	
2	
1	
1	
2	
2	
2	
2	
2	
2	
2	
1	
1	
0	
0	
0	
0	
1	
0	
0	
0	
0	
1	
1	
0	
0	
0	
0	
0	
0	
0	
0	
1	
0	
0	
0	
0	
0	
0	
0	
0	
0	
1	
1	
2	
2	
2	
2	
1	
1	
1	
1	
2	
3	
4	
4	
3	
3	
3	
3	
2	
3	
3	
3	
3	
2	
2	
2	
2	
2	
1	
2	
2	
2	
3	
4	
4	
3	
3	
3	
2	
2	
2	
3	
3	
2	
3	
3	
3	
2	
2	
2	
3	
3	
4	
3	
3	
3	
2	
2	
1	
1	
1	
2	
3	
3	
3	
3	
2	
2	
2	
1	
0	
1	
2	
2	
3	
3	
2	
1	
2	
2	
2	
2	
2	
3	
2	
3	
1	
0	
0	
0	
0	
1	
1	
1	
0	
0	
0	
0	
0	
0	
0	
1	
0	
1	
2	
1	
1	
0	
0	
0	
0	
0	
0	
1	
0	
0	
1	
1	
1	
1	
1	
0	
0	
1	
1	
1	
0	
0	
0	
0	
0	
0	
0	
1	
2	
2	
2	
1	
2	
2	
2	
2	
2	
1	
1	
1	
0	
1	
1	
2	
1	
1	
1	
1	
1	
0	
0	
1	
2	
2	
2	
2	
1	
1	
1	
1	
1	
1	
0	
1	
2	
2	
1	
1	
2	
3	
4	
4	
4	
3	
1	
0	
1	
0	
1	
1	
1	
1	
1	
0	
1	
2	
2	
1	
0	
0	
0	
1	
0	
0	
0	
1	
1	
0	
0	
0	
1	
1	
1	
0	
0	
0	
0	
1	
1	
0	
0	
0	
1	
1	
0	
0	
1	
1	
0	
0	
0	
0	
0	
0	
1	
1	
0	
1	
2	
1	
1	
0	
0	
1	
0	
0	
0	
1	
1	
1	
0	
0	
0	
0	
0	
0	
0	
0	
0	
0	
1	
0	
0	
0	
0	
1	
1	
0	
0	
1	
1	
1	
1	
0	
0	
0	
0	
0	
0	
1	
1	
0	
1	
1	
2	
1	
0	
0	
0	
0	
0	
1	
1	
0	
0	
1	
1	
1	
2	
1	
2	
2	
2	
3	
3	
3	
3	
3	
3	
3	
1	
1	
1	
2	
1	
2	
1	
1	
0	
0	
0	
1	
0	
1	
1	
0	
0	
0	
0	
0	
0	
0	
0	
0	
0	
0	
0	
0	
1	
2	
2	
1	
1	
2	
2	
1	
1	
1	
0	
0	
1	
0	
1	
1	
1	
1	
1	
1	
1	
1	
0	
0	
0	
0	
0	
1	
1	
1	
1	
1	
1	
0	
0	
0	
0	
0	
0	
0	
1	
1	
2	
2	
2	
2	
1	
1	
1	
0	
1	
1	
1	
1	
1	
2	
2	
2	
0	
1	
1	
2	
2	
2	
2	
1	
1	
1	
1	
2	
1	
2	
2	
2	
1	
0	
0	
1	
0	
0	
1	
1	
0	
0	
1	
0	
0	
0	
0	
0	
0	
0	
1	
2	
0	
1	
2	
2	
2	
2	
3	
3	
2	
2	
2	
1	
1	
1	
1	
1	
0	
1	
Kokonaisaika:	600
Palvelupisteitä:	2
Jonoja:	1
Myyjien pätevyydet:	20 20 
Suurin asiakasmäärä:	4
Pisin jono:	4
Asiakkaita yhteensä:	153 (kaupassa vielä: 1)
Ostoksia yhteensä:	152
Keskimääräinen odotus:	2.92763
Kyllästyneitä:	0 (keskimääräinen odotus: 0)
